0.14 0.14 0.51 0.00 0.14 0.09 0.00 0.00 0
0.13 0.18 0.12 0.20 0.04 0.18 0.13 0.02 0
0.11 0.35 0.01 0.19 0.05 0.16 0.11 0.02 0
0.20 0.20 0.20 0.20 0.20 0.00 0.00 0.00 0 
0.11 0.21 0.20 0.13 0.10 0.04 0.16 0.05 1 
0.08 0.41 0.18 0.10 0.03 0.01 0.14 0.05 1
0.33 0.33 0.33 0.00 0.00 0.00 0.00 0.00 1 
0.05 0.30 0.15 0.05 0.05 0.30 0.05 0.05 2
0.05 0.05 0.05 0.04 0.05 0.05 0.04 0.66 2
0.08 0.04 0.08 0.13 0.03 0.00 0.63 0.00 2
0.00 0.00 0.00 0.50 0.50 0.00 0.00 0.00 3
0.34 0.09 0.09 0.06 0.34 0.09 0.00 0.00 3
0.13 0.13 0.13 0.13 0.13 0.13 0.13 0.13 3